index	RADIUS	MOTIF	EXACT	file
TRBV28*01+CASSRRTDSYEQYF+22+([NS].[RGKPS][ST][ND][ANLST]YEQ)	0.0	0.0	0.0	BS-GN-0012-T0-replacement_TCRB.tsv.tcrdist3.v_max.tsv
TRBV28*01+CASSRKTDSYEQYF+22+(S.[RGKPS][ST][ND][ANLST]YEQ)	0.0	0.0	0.0	BS-GN-0012-T0-replacement_TCRB.tsv.tcrdist3.v_max.tsv
TRBV28*01+CASSLKTDSYEQYF+16+(S[RLMF][RGKS][ST][ND][ANQS]YEQ)	0.0	0.0	0.0	BS-GN-0012-T0-replacement_TCRB.tsv.tcrdist3.v_max.tsv
TRBV28*01+CASSLRTDHYEQYF+22+(S[RLMF][RK][ST][ND].YEQ)	0.0	0.0	0.0	BS-GN-0012-T0-replacement_TCRB.tsv.tcrdist3.v_max.tsv
TRBV28*01+CASGIKTDSYEQYF+28+([GS].[ARQK][ST][ND][AS]YEQ)	0.0	0.0	0.0	BS-GN-0012-T0-replacement_TCRB.tsv.tcrdist3.v_max.tsv
TRBV28*01+CASSEKTDTYEQYF+28+(S.[RK]TD[AQLST]YEQ)	0.0	0.0	0.0	BS-GN-0012-T0-replacement_TCRB.tsv.tcrdist3.v_max.tsv
TRBV28*01+CASSRRTDNYEQYF+22+(S.[RKPS]TD[NDHLS]YEQ)	0.0	0.0	0.0	BS-GN-0012-T0-replacement_TCRB.tsv.tcrdist3.v_max.tsv
TRBV28*01+CASSFRSNSYEQYF+20+(S[LF][RKS][QST][ND][AS]YEQ)	0.0	0.0	0.0	BS-GN-0012-T0-replacement_TCRB.tsv.tcrdist3.v_max.tsv
TRBV28*01+CASSFRSDHYEQYF+22+(S[LF][RK][ST][ND][AQHST]YEQ)	0.0	0.0	0.0	BS-GN-0012-T0-replacement_TCRB.tsv.tcrdist3.v_max.tsv
TRBV28*01+CASSFKTDTYEQYF+22+(S.[RK][ST]D[QST]YEQ)	0.0	0.0	0.0	BS-GN-0012-T0-replacement_TCRB.tsv.tcrdist3.v_max.tsv
TRBV28*01+CASSFKTDSYEQYF+16+([NS][RLFWY][RK][ST]D[ST]YEQ)	0.0	0.0	0.0	BS-GN-0012-T0-replacement_TCRB.tsv.tcrdist3.v_max.tsv
TRBV28*01+CASSLKTDAYEQYF+20+(SL[RK][ST][ND].YEQ)	0.0	0.0	0.0	BS-GN-0012-T0-replacement_TCRB.tsv.tcrdist3.v_max.tsv
TRBV28*01+CASSLSSNSYEQYF+20+(S[LF][RNKS][ST][ND]SYEQ)	0.0	0.0	0.0	BS-GN-0012-T0-replacement_TCRB.tsv.tcrdist3.v_max.tsv
TRBV28*01+CASSFKSDSYEQYF+16+(S[LF][RK][ST][ND][AS]YEQ)	0.0	0.0	0.0	BS-GN-0012-T0-replacement_TCRB.tsv.tcrdist3.v_max.tsv
TRBV28*01+CASSLKTDQYEQYF+20+(S[LF][RK]TD.YEQ)	0.0	0.0	0.0	BS-GN-0012-T0-replacement_TCRB.tsv.tcrdist3.v_max.tsv
TRBV28*01+CASSLKSNSYEQYF+16+(SL[RNKS][ST][ND]SYEQ)	0.0	0.0	0.0	BS-GN-0012-T0-replacement_TCRB.tsv.tcrdist3.v_max.tsv
TRBV28*01+CASSLKTNSYEQYF+16+(SL[RK][ST][ND]SYEQ)	0.0	0.0	0.0	BS-GN-0012-T0-replacement_TCRB.tsv.tcrdist3.v_max.tsv
TRBV28*01+CASSVATDSYEQYF+22+(S[RLMV][ARGKS]TDSYEQ)	0.0	0.0	0.0	BS-GN-0012-T0-replacement_TCRB.tsv.tcrdist3.v_max.tsv
TRBV28*01+CASSLRSDSYEQYF+10+(SL[RK][ST][ND]SYEQ)	0.0	0.0	0.0	BS-GN-0012-T0-replacement_TCRB.tsv.tcrdist3.v_max.tsv
TRBV28*01+CASSRSTDSYEQYF+20+(S[RL][RKPS]TDSYEQ)	0.0	0.0	0.0	BS-GN-0012-T0-replacement_TCRB.tsv.tcrdist3.v_max.tsv
TRBV28*01+CASSLKSDSYEQYF+10+(SL[RK][ST][ND]SYEQ)	0.0	0.0	0.0	BS-GN-0012-T0-replacement_TCRB.tsv.tcrdist3.v_max.tsv
TRBV5-5*01+CASSPGQGAFTDTQYF+22+(S.G[QE]G[AS]F[ST]DTQ)	0.0	0.0	0.0	BS-GN-0012-T0-replacement_TCRB.tsv.tcrdist3.v_max.tsv
TRBV19*01+CASSILLAGGPGDTQYF+34+(S[ILMTV][ILT]L[AS]GGP[EGST][ND][EIT]Q)	3.0	0.0	0.0	BS-GN-0012-T0-replacement_TCRB.tsv.tcrdist3.v_max.tsv
TRBV4-2*01+CASSQEGGRAYEQYF+16+(SQEG[GS][RV][AGS]YEQ)	0.0	0.0	0.0	BS-GN-0012-T0-replacement_TCRB.tsv.tcrdist3.v_max.tsv
TRBV28*01+CASSQHSNSYEQYF+22+(S[RQELF][NDHT][ST][ND]SYEQ)	0.0	0.0	0.0	BS-GN-0012-T0-replacement_TCRB.tsv.tcrdist3.v_max.tsv
TRBV28*01+CASGHQTDSYEQYF+32+([GS][GHIY][RQK]TD[AST]YEQ)	0.0	0.0	0.0	BS-GN-0012-T0-replacement_TCRB.tsv.tcrdist3.v_max.tsv
TRBV7-8*01+CASTLLGNQPQHF+22+([ST][LFY][ADILV]GNQPQ)	1.0	0.0	0.0	BS-GN-0012-T0-replacement_TCRB.tsv.tcrdist3.v_max.tsv
TRBV4-2*01+CASSQEKSRGYEQYF+26+(SQE[AGKF][GS]R[AG]YEQ)	0.0	0.0	0.0	BS-GN-0012-T0-replacement_TCRB.tsv.tcrdist3.v_max.tsv
TRBV19*01+CASSMRTDTYEQYF+16+(S[LM]RTD[ST]YEQ)	1.0	0.0	0.0	BS-GN-0012-T0-replacement_TCRB.tsv.tcrdist3.v_max.tsv
TRBV19*01+CASGRRTDSYEQYF+22+([GS]RRTDSYEQ)	0.0	0.0	0.0	BS-GN-0012-T0-replacement_TCRB.tsv.tcrdist3.v_max.tsv
TRBV28*01+CASSFRQNSYEQYF+20+(S[LF]R[QS]NSYEQ)	0.0	0.0	0.0	BS-GN-0012-T0-replacement_TCRB.tsv.tcrdist3.v_max.tsv
TRBV28*01+CASSRSSNAYEQYF+22+(S[RLF][DST]SN[AS]YEQ)	0.0	0.0	0.0	BS-GN-0012-T0-replacement_TCRB.tsv.tcrdist3.v_max.tsv
TRBV20-1*01+CSALRQVQAYGYTF+36+([QL][RG]QV[DQ][ANIY]YGY)	0.0	0.0	0.0	BS-GN-0012-T0-replacement_TCRB.tsv.tcrdist3.v_max.tsv
TRBV28*01+CASSLRSDEYTIYF+36+(SLRSD[ES]Y[ET][QI])	0.0	0.0	0.0	BS-GN-0012-T0-replacement_TCRB.tsv.tcrdist3.v_max.tsv
TRBV19*01+CASSMVEGTSKLFF+36+(S[RIM]VEGT[GS][EKP]L)	0.0	0.0	0.0	BS-GN-0012-T0-replacement_TCRB.tsv.tcrdist3.v_max.tsv
TRBV4-2*01+CASSQEGGRQGSYEQYF+28+(SQEGGR[AQ]?[G]?SYEQ)	0.0	0.0	0.0	BS-GN-0012-T0-replacement_TCRB.tsv.tcrdist3.v_max.tsv
TRBV6-5*01+CASSYLDSQETQYF+10+(SYLDSQETQ)	0.0	0.0	0.0	BS-GN-0012-T0-replacement_TCRB.tsv.tcrdist3.v_max.tsv
TRBV20-1*01+CSALGQVDNYGYTF+28+(L[G]?QVD[NI]YGY)	1.0	0.0	0.0	BS-GN-0012-T0-replacement_TCRB.tsv.tcrdist3.v_max.tsv
TRBV28*01+CASSRRDSSYEQYF+10+(SRRDSSYEQ)	0.0	0.0	0.0	BS-GN-0012-T0-replacement_TCRB.tsv.tcrdist3.v_max.tsv
TRBV19*01+CASSTGAYEQYF+10+(STGAYEQ)	0.0	0.0	0.0	BS-GN-0012-T0-replacement_TCRB.tsv.tcrdist3.v_max.tsv
